##FastQC	0.12.1
>>Basic Statistics	pass
#Measure	Value
Filename	Paired_R2
File type	Conventional base calls
Encoding	Sanger / Illumina 1.9
Total Sequences	100000
Total Bases	3.7 Mbp
Sequences flagged as poor quality	0
Sequence length	37
%GC	53
>>END_MODULE
>>Per base sequence quality	warn
#Base	Mean	Median	Lower Quartile	Upper Quartile	10th Percentile	90th Percentile
1	38.6434	40.0	40.0	40.0	40.0	40.0
2	38.90419	40.0	40.0	40.0	40.0	40.0
3	39.24766	40.0	40.0	40.0	40.0	40.0
4	38.59343	40.0	40.0	40.0	40.0	40.0
5	38.7582	40.0	40.0	40.0	40.0	40.0
6	38.98256	40.0	40.0	40.0	40.0	40.0
7	38.92022	40.0	40.0	40.0	40.0	40.0
8	39.22233	40.0	40.0	40.0	40.0	40.0
9	39.3197	40.0	40.0	40.0	40.0	40.0
10	38.95259	40.0	40.0	40.0	40.0	40.0
11	38.5218	40.0	40.0	40.0	40.0	40.0
12	39.07694	40.0	40.0	40.0	40.0	40.0
13	37.65174	40.0	40.0	40.0	34.0	40.0
14	38.32582	40.0	40.0	40.0	40.0	40.0
15	38.7343	40.0	40.0	40.0	40.0	40.0
16	36.45671	40.0	40.0	40.0	22.0	40.0
17	37.48648	40.0	40.0	40.0	31.0	40.0
18	38.34962	40.0	40.0	40.0	40.0	40.0
19	37.37278	40.0	40.0	40.0	30.0	40.0
20	37.28514	40.0	40.0	40.0	29.0	40.0
21	34.75488	40.0	36.0	40.0	16.0	40.0
22	36.37718	40.0	40.0	40.0	23.0	40.0
23	34.95055	40.0	37.0	40.0	17.0	40.0
24	33.35413	40.0	29.0	40.0	13.0	40.0
25	35.30071	40.0	37.0	40.0	19.0	40.0
26	34.73501	40.0	34.0	40.0	18.0	40.0
27	32.56369	40.0	27.0	40.0	12.0	40.0
28	30.72112	40.0	22.0	40.0	10.0	40.0
29	33.29132	40.0	28.0	40.0	15.0	40.0
30	33.0251	40.0	28.0	40.0	14.0	40.0
31	31.754	40.0	24.0	40.0	12.0	40.0
32	30.3176	37.0	21.0	40.0	10.0	40.0
33	29.47565	35.0	20.0	40.0	10.0	40.0
34	30.56811	38.0	22.0	40.0	11.0	40.0
35	28.6231	33.0	18.0	40.0	10.0	40.0
36	24.31226	24.0	13.0	39.0	6.0	40.0
37	26.86693	29.0	16.0	40.0	8.0	40.0
>>END_MODULE
>>Per tile sequence quality	pass
#Tile	Base	Mean
1	1	0.3742106681994457
1	2	-0.031728047520260816
1	3	0.31220634873909603
1	4	-0.06419201457585189
1	5	0.04566132828053071
1	6	-0.019822031416786956
1	7	0.3295636694342434
1	8	-0.021565308598169963
1	9	0.209530003052123
1	10	0.5690627173867568
1	11	0.19508762090383414
1	12	0.24048967311228608
1	13	0.49073818151958903
1	14	-0.012122996168571376
1	15	0.11990073607446305
1	16	0.3661095884892873
1	17	1.0539929444682912
1	18	0.29243451478113514
1	19	1.2053354166311578
1	20	0.8076250559686216
1	21	2.2824900728327933
1	22	0.34212016094173237
1	23	-0.833986003585089
1	24	2.2254950414516372
1	25	0.9742629572190609
1	26	0.8546085605258966
1	27	-0.290031931161316
1	28	2.8736912639379284
1	29	0.8619720939312217
1	30	0.11897254787737666
1	31	1.373289606802068
1	32	2.114749299327137
1	33	2.1677731539652108
1	34	0.47166275983769523
1	35	1.4178021259553368
1	36	0.872779808227115
1	37	0.4831929921868614
2	1	-0.3742106681994457
2	2	0.031728047520260816
2	3	-0.31220634873909603
2	4	0.06419201457585189
2	5	-0.045661328280537816
2	6	0.01982203141679406
2	7	-0.3295636694342434
2	8	0.02156530859817707
2	9	-0.2095300030521301
2	10	-0.5690627173867568
2	11	-0.19508762090383414
2	12	-0.2404896731122932
2	13	-0.49073818151958903
2	14	0.012122996168571376
2	15	-0.11990073607447016
2	16	-0.3661095884892944
2	17	-1.053992944468284
2	18	-0.29243451478114224
2	19	-1.205335416631165
2	20	-0.8076250559686144
2	21	-2.2824900728327933
2	22	-0.34212016094172526
2	23	0.833986003585089
2	24	-2.2254950414516337
2	25	-0.9742629572190609
2	26	-0.8546085605258966
2	27	0.2900319311613089
2	28	-2.8736912639379284
2	29	-0.8619720939312217
2	30	-0.11897254787737666
2	31	-1.3732896068020644
2	32	-2.114749299327137
2	33	-2.1677731539652108
2	34	-0.47166275983769523
2	35	-1.4178021259553404
2	36	-0.8727798082271185
2	37	-0.48319299218685785
>>END_MODULE
>>Per sequence quality scores	pass
#Quality	Count
2	2.0
3	1.0
4	3.0
5	10.0
6	8.0
7	15.0
8	16.0
9	23.0
10	23.0
11	38.0
12	53.0
13	50.0
14	75.0
15	73.0
16	116.0
17	141.0
18	142.0
19	183.0
20	244.0
21	291.0
22	351.0
23	452.0
24	593.0
25	765.0
26	1006.0
27	1247.0
28	1602.0
29	2091.0
30	2790.0
31	3436.0
32	4406.0
33	5826.0
34	7538.0
35	9888.0
36	12512.0
37	14663.0
38	15442.0
39	12103.0
40	1782.0
>>END_MODULE
>>Per base sequence content	fail
#Base	G	A	T	C
1	38.24391806018394	7.227275911415333	9.1947121398621	45.33409388853863
2	27.285459893155124	15.559535004701974	31.040036815462496	26.11496828668041
3	25.517993456924753	20.096445329304775	18.303602693265837	36.081958520504635
4	35.779320833249955	22.31404958677686	16.735036919936768	25.171592660036417
5	29.994797606899176	28.108930107849613	21.988114532685035	19.90815775256618
6	24.66039811943583	32.07862358707612	21.413424027208162	21.847554266279882
7	22.314925970388156	15.88235294117647	36.48659463785514	25.316126450580235
8	24.71341402420726	21.73452035610683	25.116534960488146	28.43553065919776
9	25.859982195192703	19.873365808768366	27.266361917717784	27.00029007832115
10	26.734604076244572	32.274936496189774	19.593175590535434	21.397283837030223
11	28.602716162969777	23.6084165049903	19.06914414864892	28.719723183391004
12	26.435528710574214	20.34340686813736	25.1445028900578	28.076561531230627
13	25.15576090326323	23.41363895472683	26.06282439770784	25.3677757443021
14	25.338253382533825	23.394233942339422	25.351253512535127	25.916259162591626
15	25.973012713432624	23.570363998279536	24.03048823182259	26.426135056465245
16	25.233542037566764	22.66607989438099	25.392570662719287	26.70780740533296
17	25.870726388861105	24.075259567487546	24.295316782363415	25.75869726128793
18	25.84787718157724	23.925588838325748	23.87258088713307	26.353953092963945
19	26.814826668800386	22.772098977816007	23.61825128523134	26.79482306815227
20	26.034946639861573	24.19459697342495	24.10257949010312	25.667876896610352
21	23.658785405664908	23.31072971675468	26.61625860137622	26.414226276204193
22	26.451496754448257	22.92089655241391	23.813048218197093	26.814558474940743
23	24.937745642194955	23.6066524656726	25.242766993689557	26.21283489844289
24	23.53158847473222	23.42557681344948	26.445909049995496	26.5969256618228
25	26.905269052690528	22.80222802228022	23.260232602326024	27.032270322703226
26	26.151784553536604	24.02272068162045	24.238727161814854	25.586767603028093
27	24.295971838873555	23.468938757550305	25.935037401496057	26.300052002080083
28	24.78171725758864	22.63439515927389	25.6588488273241	26.925038755813375
29	26.16771018783381	24.080334460202838	23.93030745534196	25.821647896621393
30	26.177832448271378	23.47564329503065	23.935675497284812	26.41084875941316
31	26.690334516725837	22.54712735636782	23.85919295964798	26.903345167258365
32	25.832	23.604	24.391	26.173000000000002
33	24.867	23.488999999999997	25.207	26.436999999999998
34	27.362	22.949	22.858	26.831
35	26.74726747267473	23.750237502375025	23.429234292342922	26.073260732607327
36	22.203	23.083000000000002	27.834999999999997	26.878999999999998
37	27.006270062700626	22.603226032260324	23.598235982359824	26.792267922679226
>>END_MODULE
>>Per sequence GC content	warn
#GC Content	Count
0	28.0
1	16.0
2	4.0
3	4.0
4	8.5
5	13.0
6	13.0
7	16.5
8	20.0
9	26.0
10	32.0
11	32.0
12	59.5
13	87.0
14	87.0
15	123.0
16	159.0
17	159.0
18	220.5
19	282.0
20	378.0
21	474.0
22	474.0
23	624.5
24	775.0
25	775.0
26	908.0
27	1041.0
28	1199.5
29	1358.0
30	1358.0
31	1583.5
32	1809.0
33	1809.0
34	2103.5
35	2398.0
36	2709.5
37	3021.0
38	3021.0
39	3455.5
40	3890.0
41	3890.0
42	4475.5
43	5061.0
44	5061.0
45	5687.5
46	6314.0
47	7107.0
48	7900.0
49	7900.0
50	8506.5
51	9113.0
52	9113.0
53	9671.5
54	10230.0
55	10375.5
56	10521.0
57	10521.0
58	10167.5
59	9814.0
60	9814.0
61	9152.0
62	8490.0
63	8490.0
64	7519.5
65	6549.0
66	5530.5
67	4512.0
68	4512.0
69	3723.5
70	2935.0
71	2935.0
72	2277.0
73	1619.0
74	1222.5
75	826.0
76	826.0
77	598.5
78	371.0
79	371.0
80	273.5
81	176.0
82	132.5
83	89.0
84	89.0
85	72.0
86	55.0
87	55.0
88	40.0
89	25.0
90	25.0
91	16.5
92	8.0
93	4.5
94	1.0
95	1.0
96	0.5
97	0.0
98	0.0
99	0.0
100	0.0
>>END_MODULE
>>Per base N content	pass
#Base	N-Count
1	0.073
2	0.042
3	0.047
4	0.054
5	0.046
6	0.03
7	0.04
8	0.03
9	0.027
10	0.006
11	0.006
12	0.002
13	0.006999999999999999
14	0.001
15	0.027
16	0.018000000000000002
17	0.026
18	0.015
19	0.018000000000000002
20	0.019
21	0.016
22	0.017
23	0.006999999999999999
24	0.011000000000000001
25	0.001
26	0.003
27	0.004
28	0.015
29	0.018000000000000002
30	0.006999999999999999
31	0.005
32	0.0
33	0.0
34	0.0
35	0.001
36	0.0
37	0.001
>>END_MODULE
>>Sequence Length Distribution	pass
#Length	Count
37	100000.0
>>END_MODULE
>>Sequence Duplication Levels	pass
#Total Deduplicated Percentage	92.73700000000001
#Duplication Level	Percentage of total
1	88.25800000000001
2	6.272
3	2.319
4	1.1440000000000001
5	0.59
6	0.384
7	0.266
8	0.16
9	0.099
>10	0.439
>50	0.06899999999999999
>100	0.0
>500	0.0
>1k	0.0
>5k	0.0
>10k+	0.0
>>END_MODULE
>>Overrepresented sequences	pass
>>END_MODULE
>>Adapter Content	pass
#Position	Illumina Universal Adapter	Illumina Small RNA 3' Adapter	Illumina Small RNA 5' Adapter	Nextera Transposase Sequence	PolyA	PolyG
1	0.0	0.0	0.0	0.0	0.031	0.0
2	0.0	0.0	0.0	0.0	0.031	0.0
3	0.001	0.0	0.0	0.0	0.032	0.0
4	0.001	0.0	0.0	0.0	0.032	0.0
5	0.001	0.0	0.001	0.0	0.034	0.0
6	0.001	0.0	0.001	0.0	0.034	0.001
7	0.001	0.0	0.001	0.0	0.034	0.001
8	0.001	0.0	0.001	0.0	0.036	0.002
9	0.001	0.0	0.001	0.0	0.037	0.003
10	0.002	0.0	0.001	0.0	0.04	0.003
11	0.004	0.0	0.001	0.0	0.042	0.003
12	0.004	0.0	0.001	0.0	0.044	0.004
13	0.004	0.0	0.001	0.0	0.045	0.004
14	0.005	0.0	0.001	0.0	0.045	0.004
15	0.005	0.0	0.001	0.0	0.046	0.006
16	0.005	0.0	0.001	0.0	0.048	0.006
17	0.005	0.0	0.001	0.0	0.049	0.006
18	0.006	0.0	0.001	0.0	0.05	0.007
19	0.006	0.0	0.001	0.0	0.05	0.007
20	0.008	0.0	0.002	0.0	0.052	0.012
21	0.008	0.0	0.002	0.0	0.052	0.015
22	0.01	0.0	0.002	0.0	0.053	0.017
23	0.01	0.0	0.002	0.0	0.054	0.02
24	0.011	0.0	0.002	0.0	0.055	0.024
25	0.011	0.0	0.002	0.0	0.055	0.027
26	0.012	0.0	0.002	0.0	0.057	0.028
>>END_MODULE
