##FastQC	0.12.1
>>Basic Statistics	pass
#Measure	Value
Filename	Paired_R1
File type	Conventional base calls
Encoding	Sanger / Illumina 1.9
Total Sequences	100000
Total Bases	3.7 Mbp
Sequences flagged as poor quality	0
Sequence length	37
%GC	53
>>END_MODULE
>>Per base sequence quality	pass
#Base	Mean	Median	Lower Quartile	Upper Quartile	10th Percentile	90th Percentile
1	39.70287	40.0	40.0	40.0	40.0	40.0
2	39.84964	40.0	40.0	40.0	40.0	40.0
3	39.86633	40.0	40.0	40.0	40.0	40.0
4	39.63976	40.0	40.0	40.0	40.0	40.0
5	39.78008	40.0	40.0	40.0	40.0	40.0
6	39.81211	40.0	40.0	40.0	40.0	40.0
7	39.84645	40.0	40.0	40.0	40.0	40.0
8	39.79888	40.0	40.0	40.0	40.0	40.0
9	39.82847	40.0	40.0	40.0	40.0	40.0
10	39.71306	40.0	40.0	40.0	40.0	40.0
11	39.88	40.0	40.0	40.0	40.0	40.0
12	39.827	40.0	40.0	40.0	40.0	40.0
13	39.45177	40.0	40.0	40.0	40.0	40.0
14	39.41382	40.0	40.0	40.0	40.0	40.0
15	39.25841	40.0	40.0	40.0	40.0	40.0
16	38.95583	40.0	40.0	40.0	40.0	40.0
17	39.09573	40.0	40.0	40.0	40.0	40.0
18	38.92916	40.0	40.0	40.0	40.0	40.0
19	38.46854	40.0	40.0	40.0	40.0	40.0
20	38.66242	40.0	40.0	40.0	40.0	40.0
21	38.49889	40.0	40.0	40.0	40.0	40.0
22	37.8616	40.0	40.0	40.0	35.0	40.0
23	37.90376	40.0	40.0	40.0	34.0	40.0
24	37.56166	40.0	40.0	40.0	31.0	40.0
25	37.12621	40.0	40.0	40.0	27.0	40.0
26	36.88092	40.0	40.0	40.0	26.0	40.0
27	35.72576	40.0	40.0	40.0	20.0	40.0
28	36.50625	40.0	40.0	40.0	24.0	40.0
29	36.41673	40.0	40.0	40.0	23.0	40.0
30	36.02099	40.0	40.0	40.0	22.0	40.0
31	35.78436	40.0	40.0	40.0	21.0	40.0
32	35.08752	40.0	36.0	40.0	18.0	40.0
33	34.20338	40.0	32.0	40.0	16.0	40.0
34	33.2746	40.0	29.0	40.0	12.0	40.0
35	33.14221	40.0	28.0	40.0	14.0	40.0
36	32.75837	40.0	27.0	40.0	13.0	40.0
37	32.22922	40.0	25.0	40.0	12.0	40.0
>>END_MODULE
>>Per tile sequence quality	pass
#Tile	Base	Mean
1	1	0.11849249594469313
1	2	0.0141847328457132
1	3	0.00919636037437499
1	4	-0.047140526546556316
1	5	0.035920929706513505
1	6	0.05374575296962547
1	7	0.0503467342989623
1	8	0.07978824109034122
1	9	0.07000004647913016
1	10	0.07732779095547215
1	11	0.03860161344547919
1	12	0.018269860918948666
1	13	0.07549527384728094
1	14	0.10955386233811737
1	15	0.0987934792881262
1	16	-0.01821795922541014
1	17	0.02678948518168056
1	18	0.15452606007271896
1	19	0.6345235347067373
1	20	0.16720355224486383
1	21	-0.04854861174589331
1	22	0.2973031260312524
1	23	0.12393225821944753
1	24	-0.005789595182285723
1	25	0.2596230387744427
1	26	0.4434726261172415
1	27	0.08145660940954258
1	28	0.0699111164131736
1	29	0.25165062878514277
1	30	0.0929231653525946
1	31	0.121434857177384
1	32	0.14889720520999816
1	33	0.5976029938756042
1	34	-1.2826438412830754
1	35	0.24723650594700786
1	36	0.014682834173314063
1	37	0.1071551519790006
2	1	-0.11849249594469313
2	2	-0.014184732845720305
2	3	-0.00919636037437499
2	4	0.047140526546556316
2	5	-0.035920929706513505
2	6	-0.053745752969632576
2	7	-0.0503467342989623
2	8	-0.07978824109033411
2	9	-0.07000004647912306
2	10	-0.07732779095547215
2	11	-0.038601613445486294
2	12	-0.01826986091895577
2	13	-0.07549527384727384
2	14	-0.10955386233811737
2	15	-0.0987934792881262
2	16	0.01821795922541014
2	17	-0.02678948518168056
2	18	-0.15452606007272607
2	19	-0.6345235347067444
2	20	-0.16720355224486383
2	21	0.04854861174589331
2	22	-0.2973031260312595
2	23	-0.12393225821944753
2	24	0.005789595182278617
2	25	-0.2596230387744356
2	26	-0.4434726261172415
2	27	-0.08145660940954969
2	28	-0.0699111164131736
2	29	-0.25165062878514277
2	30	-0.0929231653526017
2	31	-0.121434857177384
2	32	-0.14889720520999816
2	33	-0.5976029938755971
2	34	1.2826438412830683
2	35	-0.24723650594700075
2	36	-0.014682834173314063
2	37	-0.1071551519790006
>>END_MODULE
>>Per sequence quality scores	pass
#Quality	Count
4	1.0
5	2.0
6	2.0
7	3.0
8	3.0
9	5.0
10	3.0
11	7.0
12	9.0
13	11.0
14	23.0
15	18.0
16	22.0
17	27.0
18	26.0
19	50.0
20	49.0
21	60.0
22	79.0
23	96.0
24	105.0
25	160.0
26	176.0
27	237.0
28	287.0
29	481.0
30	653.0
31	947.0
32	1414.0
33	2178.0
34	3506.0
35	5396.0
36	8880.0
37	14545.0
38	22276.0
39	28965.0
40	9298.0
>>END_MODULE
>>Per base sequence content	warn
#Base	G	A	T	C
1	36.423	8.393	8.815000000000001	46.369
2	27.308	15.8	31.221	25.671
3	25.820999999999998	20.451	17.832	35.896
4	34.698	23.196	16.767000000000003	25.339
5	30.28	28.294999999999998	21.245	20.18
6	24.027	32.848	21.312	21.813
7	22.316	16.24	36.02	25.424000000000003
8	23.735	22.28	25.057000000000002	28.927999999999997
9	25.281	20.453	27.234	27.032
10	24.925	33.36	19.881999999999998	21.833
11	29.122999999999998	23.668	18.393	28.816000000000003
12	25.365	20.552	25.924000000000003	28.159
13	26.077260772607723	23.406234062340623	25.439254392543926	25.077250772507725
14	26.074	23.206	24.737000000000002	25.983
15	25.435000000000002	23.796	24.36	26.409
16	26.381	22.983999999999998	23.602	27.033
17	26.69826698266983	24.045240452404524	23.364233642336423	25.892258922589228
18	25.698027921116847	23.85995439817593	24.037961518460737	26.40405616224649
19	26.531265312653122	22.67822678226782	23.748237482374822	27.042270422704227
20	26.762267622676227	23.856238562385624	23.420234202342023	25.961259612596127
21	26.589000000000002	23.226	23.748	26.436999999999998
22	26.706999999999997	23.132	23.525	26.636
23	26.987	23.567	23.263	26.183
24	25.653	23.646	24.258	26.443
25	26.949	22.987	23.005	27.059
26	26.584999999999997	23.66	24.211	25.544
27	24.701	23.885	25.182	26.232
28	27.54	22.643	22.789	27.028000000000002
29	26.45976275729631	23.895301154207758	23.523234182152787	26.12170190634314
30	26.08339002040735	23.480452963066703	23.898603497259014	26.537553519266936
31	27.563993558131862	22.805613627952106	22.684578527773056	26.945814286142983
32	27.15433166955078	23.3553059326018	23.127244355976114	26.363118041871303
33	25.886131036345628	23.5061076262793	24.09336014486229	26.514401192512782
34	29.672275464676577	22.335487485244393	20.671855305015907	27.32038174506312
35	25.89999299810949	23.55936102747742	24.627649465355645	25.912996509057447
36	26.735485936062098	23.075461129116153	23.34453647021166	26.84451646461009
37	27.838681283508045	22.14131391533968	22.664439465471713	27.355565335680566
>>END_MODULE
>>Per sequence GC content	warn
#GC Content	Count
0	23.0
1	14.5
2	6.0
3	6.0
4	6.5
5	7.0
6	7.0
7	8.5
8	10.0
9	16.0
10	22.0
11	22.0
12	34.0
13	46.0
14	46.0
15	86.5
16	127.0
17	127.0
18	170.5
19	214.0
20	302.0
21	390.0
22	390.0
23	522.5
24	655.0
25	655.0
26	764.5
27	874.0
28	1035.5
29	1197.0
30	1197.0
31	1424.5
32	1652.0
33	1652.0
34	1891.0
35	2130.0
36	2530.0
37	2930.0
38	2930.0
39	3279.5
40	3629.0
41	3629.0
42	4232.0
43	4835.0
44	4835.0
45	5510.5
46	6186.0
47	6929.0
48	7672.0
49	7672.0
50	8360.5
51	9049.0
52	9049.0
53	9690.5
54	10332.0
55	10586.5
56	10841.0
57	10841.0
58	10575.5
59	10310.0
60	10310.0
61	9563.5
62	8817.0
63	8817.0
64	7766.0
65	6715.0
66	5744.5
67	4774.0
68	4774.0
69	3950.0
70	3126.0
71	3126.0
72	2457.0
73	1788.0
74	1314.0
75	840.0
76	840.0
77	639.0
78	438.0
79	438.0
80	304.0
81	170.0
82	140.5
83	111.0
84	111.0
85	77.0
86	43.0
87	43.0
88	34.0
89	25.0
90	25.0
91	18.5
92	12.0
93	7.5
94	3.0
95	3.0
96	2.0
97	1.0
98	1.0
99	0.5
100	0.0
>>END_MODULE
>>Per base N content	pass
#Base	N-Count
1	0.0
2	0.0
3	0.0
4	0.0
5	0.0
6	0.0
7	0.0
8	0.0
9	0.0
10	0.0
11	0.0
12	0.0
13	0.001
14	0.0
15	0.0
16	0.0
17	0.001
18	0.004
19	0.001
20	0.001
21	0.0
22	0.0
23	0.0
24	0.0
25	0.0
26	0.0
27	0.0
28	0.0
29	0.018000000000000002
30	0.036000000000000004
31	0.029
32	0.027
33	0.043
34	0.038
35	0.027
36	0.027999999999999997
37	0.024
>>END_MODULE
>>Sequence Length Distribution	pass
#Length	Count
37	100000.0
>>END_MODULE
>>Sequence Duplication Levels	pass
#Total Deduplicated Percentage	91.202
#Duplication Level	Percentage of total
1	85.899
2	7.244000000000001
3	2.814
4	1.524
5	0.75
6	0.51
7	0.301
8	0.24
9	0.14400000000000002
>10	0.521
>50	0.053
>100	0.0
>500	0.0
>1k	0.0
>5k	0.0
>10k+	0.0
>>END_MODULE
>>Overrepresented sequences	pass
>>END_MODULE
>>Adapter Content	pass
#Position	Illumina Universal Adapter	Illumina Small RNA 3' Adapter	Illumina Small RNA 5' Adapter	Nextera Transposase Sequence	PolyA	PolyG
1	0.0	0.0	0.0	0.0	0.031	0.0
2	0.0	0.0	0.0	0.0	0.032	0.0
3	0.001	0.0	0.0	0.0	0.035	0.0
4	0.001	0.0	0.0	0.0	0.038	0.001
5	0.001	0.0	0.0	0.0	0.038	0.001
6	0.001	0.0	0.0	0.0	0.038	0.001
7	0.001	0.0	0.0	0.0	0.038	0.001
8	0.001	0.0	0.0	0.0	0.042	0.001
9	0.001	0.0	0.0	0.0	0.042	0.001
10	0.001	0.0	0.0	0.0	0.043	0.002
11	0.003	0.0	0.0	0.0	0.043	0.003
12	0.003	0.0	0.001	0.0	0.044	0.006
13	0.003	0.0	0.001	0.0	0.044	0.007
14	0.004	0.0	0.001	0.0	0.047	0.009
15	0.004	0.0	0.001	0.0	0.047	0.01
16	0.004	0.0	0.001	0.0	0.049	0.011
17	0.004	0.0	0.001	0.0	0.049	0.016
18	0.005	0.0	0.001	0.0	0.05	0.017
19	0.005	0.0	0.001	0.0	0.051	0.019
20	0.006	0.0	0.001	0.0	0.052	0.019
21	0.006	0.0	0.001	0.0	0.052	0.024
22	0.008	0.0	0.001	0.0	0.052	0.025
23	0.008	0.0	0.001	0.0	0.052	0.027
24	0.008	0.0	0.001	0.0	0.053	0.032
25	0.009	0.0	0.001	0.0	0.055	0.036
26	0.011	0.0	0.001	0.0	0.055	0.046
>>END_MODULE
